MONGO_URI=mongodb://localhost:27017/pharma_supply_chain_pro
ADMIN_ACCOUNT_ID=0.0.5200141
ADMIN_PRIVATE_KEY=3030020100300706052b8104000a04220420fe037d98ddd079acce21d18abb39d9e3f648b53ebf6f0e71ecaecdf30eb11a77
CONTRACT_ADDRESS=0xAc40c9C8dADE7B9CF37aEBb49Ab49485eBD3510d
CONTRACT_ID=0.0.5668994
ADMIN_WALLET=0x217c12518E0E5dcbBe7C49572758e5d44378F463 # Admin's wallet address
JWT_SECRET=eaf7c3e0684c0820e0b9524884d1b933507a5a9d0d6ba0b6396922ee1454b5da97cc65df443f4fbf532a5a87e844e4501289910d5e243d036f35cade75e5545b25665736dee87b6b7f9e83847cc2295c0d3f8dbe4dfd3806cb0b8a83620a70bc72bf955b78b8b65ce61de674d775744d2d696d9a406dfe0805679575421b4704f5beff4f592c8f7cf8a466b6720fd1582c6016d39c5911e35daa379938df93bb8ccca6a4855becdf4cc8157399f639e387109355ee547e463f846af900a9dc19ddcff68b1aba3aca599501c481d70cc21fdaa01df27e33a2016f7c46548b3d76de70fefe9cf86fdfa0207ab9783fe62d7db9eb42e2091621ca1ddda89a422a09